   A_diel =       -0.0066668457033557
   Eewald =    27876.1716724824254925
       EH =    29487.6707427172113967
     Eloc =   -59506.0001740801380947
      Enl =      -15.8183187442289466
      Exc =     -576.2880287292044841
 Exc_core =      324.9917008584772589
       KE =      589.4471702566963813
  MuShift =       -0.0006813539939625
-------------------------------------
     Etot =    -1819.8325834384629616
       TS =        0.2342166759606920
-------------------------------------
        F =    -1820.0668001144235859
      muN =      -58.8538328154548225
-------------------------------------
        G =    -1761.2129672989688061
