eMin: -2.159861 at state 0 ( [ +0.000000 +0.000000 +0.000000 ] spin 0 )
HOMO: -0.207494 at state 3 ( [ +0.250000 +0.000000 +0.000000 ] spin 0 )
mu  : -0.207370
LUMO: -0.207155 at state 1 ( [ +0.000000 +0.250000 +0.000000 ] spin 0 )
eMax: +0.319307 at state 2 ( [ +0.000000 +0.500000 +0.000000 ] spin 0 )
HOMO-LUMO gap: +0.000340
Optical gap  : +0.000839 at state 1 ( [ +0.000000 +0.250000 +0.000000 ] spin 0 )
