eMin: -2.156606 at state 0 ( [ +0.000000 +0.000000 +0.000000 ] spin 0 )
HOMO: -0.205970 at state 3 ( [ +0.250000 +0.000000 +0.000000 ] spin 0 )
mu  : -0.205757
LUMO: -0.205680 at state 1 ( [ +0.000000 +0.250000 +0.000000 ] spin 0 )
eMax: +0.320450 at state 2 ( [ +0.000000 +0.500000 +0.000000 ] spin 0 )
HOMO-LUMO gap: +0.000291
Optical gap  : +0.000291 at state 3 ( [ +0.250000 +0.000000 +0.000000 ] spin 0 )
