   Eewald =   -23858.9351446860237047
       EH =   -22325.3578058479761239
     Eloc =    44042.9297092729029828
      Enl =      -15.8331643738341814
      Exc =     -575.7260489402772237
 Exc_core =      324.9916949561627462
       KE =      588.7115826124012301
-------------------------------------
     Etot =    -1819.2191770066442587
       TS =        0.2422398615081471
-------------------------------------
        F =    -1819.4614168681523552
