eMin: -2.126106 at state 0 ( [ +0.000000 +0.000000 +0.000000 ] spin 0 )
HOMO: -0.173930 at state 4 ( [ +0.250000 +0.250000 +0.000000 ] spin 0 )
mu  : -0.173600
LUMO: -0.173280 at state 3 ( [ +0.250000 +0.000000 +0.000000 ] spin 0 )
eMax: +0.352495 at state 2 ( [ +0.000000 +0.500000 +0.000000 ] spin 0 )
HOMO-LUMO gap: +0.000651
Optical gap  : +0.000835 at state 1 ( [ +0.000000 +0.250000 +0.000000 ] spin 0 )
