   A_diel =       -0.0087681210300327
   Eewald =    27661.0901258433623298
       EH =    29287.2726240326046536
     Eloc =   -59090.4948113360878779
      Enl =      -15.8045332407180421
      Exc =     -576.4248060949137198
 Exc_core =      324.9917176727829542
       KE =      589.4552681738931597
  MuShift =       -0.0014195733157948
-------------------------------------
     Etot =    -1819.9246026434277610
       TS =        0.2295704068632033
-------------------------------------
        F =    -1820.1541730502908649
      muN =      -58.8563601924463669
-------------------------------------
        G =    -1761.2978128578445194
