   A_diel =       -0.0532739506690622
   Eewald =    27178.6186456914692826
       EH =    28809.7387262480042409
     Eloc =   -58129.6903969135673833
      Enl =      -15.8195745767186846
      Exc =     -575.7865617285843882
 Exc_core =      324.9916949561625756
       KE =      588.7405921258201715
  MuShift =       -0.0068870714234623
-------------------------------------
     Etot =    -1819.2670352195086707
       TS =        0.2408598677672930
-------------------------------------
        F =    -1819.5078950872759833
      muN =      -58.7116012814342838
-------------------------------------
        G =    -1760.7962938058417421
