   A_diel =       -0.0098717210177663
   Eewald =    27052.1047259915758332
       EH =    28662.8813325456467282
     Eloc =   -57854.9822495414628065
      Enl =      -15.7344705323413123
      Exc =     -575.0203845942284033
 Exc_core =      324.9917139733985323
       KE =      587.6998142936338354
  MuShift =       -0.0013917493319910
-------------------------------------
     Etot =    -1818.0707813341298333
       TS =        0.2410946628665434
-------------------------------------
        F =    -1818.3118759969963776
      muN =      -58.3366745544428866
-------------------------------------
        G =    -1759.9752014425534981
