   A_diel =       -0.0151262447416738
   Eewald =       25.5138574738062935
       EH =       57.9374960833655237
     Eloc =     -137.1201715944382897
      Enl =        5.2873227979420303
      Exc =       -9.6147174690556394
 Exc_core =        0.1585274996455396
       KE =       18.8827200290071460
  MuShift =       -0.0000000000000000
-------------------------------------
     Etot =      -38.9700914244690679
       TS =        0.0000191415610567
-------------------------------------
        F =      -38.9701105660301224
