eMin: -1.014327 at state 0 ( [ +0.000000 +0.000000 +0.000000 ] spin 0 )
HOMO: -0.236617 at state 2 ( [ +0.000000 +0.500000 +0.000000 ] spin 0 )
mu  : -0.139672
LUMO: -0.042653 at state 9 ( [ +0.500000 +0.500000 +0.000000 ] spin 0 )
eMax: +0.075700 at state 2 ( [ +0.000000 +0.500000 +0.000000 ] spin 0 )
HOMO-LUMO gap: +0.193963
Optical gap  : +0.194024 at state 9 ( [ +0.500000 +0.500000 +0.000000 ] spin 0 )
