   Eewald =       25.5138574738062616
       EH =       57.8586195064209292
     Eloc =     -137.0317541577921077
      Enl =        5.2804484792829083
      Exc =       -9.6036127602774037
 Exc_core =        0.1585274996455396
       KE =       18.8652117490579769
-------------------------------------
     Etot =      -38.9587022098558933
       TS =        0.0000240948036750
-------------------------------------
        F =      -38.9587263046595709
