eMin: -1.015238 at state 0 ( [ +0.000000 +0.000000 +0.000000 ] spin 0 )
HOMO: -0.245759 at state 2 ( [ +0.000000 +0.500000 +0.000000 ] spin 0 )
mu  : -0.146313
LUMO: -0.047005 at state 9 ( [ +0.500000 +0.500000 +0.000000 ] spin 0 )
eMax: +0.063616 at state 2 ( [ +0.000000 +0.500000 +0.000000 ] spin 0 )
HOMO-LUMO gap: +0.198754
Optical gap  : +0.198803 at state 9 ( [ +0.500000 +0.500000 +0.000000 ] spin 0 )
