eMin: -2.128496 at state 0 ( [ +0.000000 +0.000000 +0.000000 ] spin 0 )
HOMO: -0.173830 at state 0 ( [ +0.000000 +0.000000 +0.000000 ] spin 0 )
mu  : -0.173600
LUMO: -0.173692 at state 9 ( [ +0.500000 +0.500000 +0.000000 ] spin 0 )
eMax: +0.387428 at state 9 ( [ +0.500000 +0.500000 +0.000000 ] spin 0 )
HOMO-LUMO gap: +0.000138
Optical gap  : +0.000186 at state 0 ( [ +0.000000 +0.000000 +0.000000 ] spin 0 )
