   Eewald =   -30268.4283685712398437
       EH =   -28736.6201542624403373
     Eloc =    56862.9184096378012327
      Enl =      -15.8081912403943825
      Exc =     -576.4108394172443468
 Exc_core =      324.9917176727830110
       KE =      589.4405456347424206
-------------------------------------
     Etot =    -1819.9168805459887608
       TS =        0.2297319927305281
-------------------------------------
        F =    -1820.1466125387191823
