   A_diel =       -0.0287583076423782
   Eewald =    12863.0545750687851978
       EH =    14464.4256901559601829
     Eloc =   -29445.6068828694697004
      Enl =      -17.7197596709620626
      Exc =     -571.6707381156106749
 Exc_core =      324.9288759597889111
       KE =      580.6880547247631057
  MuShift =       -0.0051647571851302
-------------------------------------
     Etot =    -1801.9341078115726305
       TS =        0.2292697394375756
-------------------------------------
        F =    -1802.1633775510101714
      muN =      -57.3147149772604436
-------------------------------------
        G =    -1744.8486625737498343
