eMin: -2.143819 at state 0 ( [ +0.000000 +0.000000 +0.000000 ] spin 0 )
HOMO: -0.189779 at state 4 ( [ +0.250000 +0.250000 +0.000000 ] spin 0 )
mu  : -0.189723
LUMO: -0.189681 at state 0 ( [ +0.000000 +0.000000 +0.000000 ] spin 0 )
eMax: +0.337554 at state 9 ( [ +0.500000 +0.500000 +0.000000 ] spin 0 )
HOMO-LUMO gap: +0.000098
Optical gap  : +0.000196 at state 4 ( [ +0.250000 +0.250000 +0.000000 ] spin 0 )
