eMin: -2.153223 at state 2 ( [ +0.000000 +0.500000 +0.000000 ] spin 0 )
HOMO: -0.173876 at state 4 ( [ +0.250000 +0.250000 +0.000000 ] spin 0 )
mu  : -0.173600
LUMO: -0.173579 at state 0 ( [ +0.000000 +0.000000 +0.000000 ] spin 0 )
eMax: +0.358198 at state 8 ( [ +0.500000 +0.500000 +0.000000 ] spin 0 )
HOMO-LUMO gap: +0.000296
Optical gap  : +0.000527 at state 2 ( [ +0.000000 +0.500000 +0.000000 ] spin 0 )
