   Eewald =   -28159.7662823101381946
       EH =   -26641.9257639625757292
     Eloc =    52683.2462375317627448
      Enl =      -18.0075074459635616
      Exc =     -571.9793829152581566
 Exc_core =      324.9288263339406626
       KE =      580.8142832667406310
-------------------------------------
     Etot =    -1802.6895895014915823
       TS =        0.2306717932450735
-------------------------------------
        F =    -1802.9202612947367470
