eMin: -2.124316 at state 0 ( [ +0.000000 +0.000000 +0.000000 ] spin 0 )
HOMO: -0.173964 at state 3 ( [ +0.250000 +0.000000 +0.000000 ] spin 0 )
mu  : -0.173600
LUMO: -0.173657 at state 1 ( [ +0.000000 +0.250000 +0.000000 ] spin 0 )
eMax: +0.350542 at state 2 ( [ +0.000000 +0.500000 +0.000000 ] spin 0 )
HOMO-LUMO gap: +0.000307
Optical gap  : +0.000308 at state 3 ( [ +0.250000 +0.000000 +0.000000 ] spin 0 )
