eMin: -2.184070 at state 0 ( [ +0.000000 +0.000000 +0.000000 ] spin 0 )
HOMO: -0.210459 at state 2 ( [ +0.000000 +0.500000 +0.000000 ] spin 0 )
mu  : -0.210169
LUMO: -0.209284 at state 1 ( [ +0.000000 +0.250000 +0.000000 ] spin 0 )
eMax: +0.317258 at state 2 ( [ +0.000000 +0.500000 +0.000000 ] spin 0 )
HOMO-LUMO gap: +0.001175
Optical gap  : +0.001336 at state 1 ( [ +0.000000 +0.250000 +0.000000 ] spin 0 )
