   Eewald =   -21578.8400487335165963
       EH =   -20060.4017033786840329
     Eloc =    39520.7207956437341636
      Enl =      -18.0002009166588621
      Exc =     -571.8849806276796244
 Exc_core =      324.9288165930968830
       KE =      580.8800379995356025
-------------------------------------
     Etot =    -1802.5972834201688784
       TS =        0.2337683775792529
-------------------------------------
        F =    -1802.8310517977481595
