eMin: -2.173665 at state 0 ( [ +0.000000 +0.000000 +0.000000 ] spin 0 )
HOMO: -0.195013 at state 4 ( [ +0.250000 +0.250000 +0.000000 ] spin 0 )
mu  : -0.194988
LUMO: -0.194889 at state 0 ( [ +0.000000 +0.000000 +0.000000 ] spin 0 )
eMax: +0.342150 at state 8 ( [ +0.500000 +0.500000 +0.000000 ] spin 0 )
HOMO-LUMO gap: +0.000124
Optical gap  : +0.000595 at state 2 ( [ +0.000000 +0.500000 +0.000000 ] spin 0 )
