eMin: -1.698542 at state 0 ( [ +0.000000 +0.000000 +0.000000 ] spin 0 )
HOMO: +0.248790 at state 2 ( [ +0.000000 +0.500000 +0.000000 ] spin 0 )
mu  : +0.249722
LUMO: +0.250190 at state 2 ( [ +0.000000 +0.500000 +0.000000 ] spin 0 )
eMax: +0.770793 at state 9 ( [ +0.500000 +0.500000 +0.000000 ] spin 0 )
HOMO-LUMO gap: +0.001401
Optical gap  : +0.001401 at state 2 ( [ +0.000000 +0.500000 +0.000000 ] spin 0 )
