   A_diel =       -0.0128029230280788
   Eewald =     2003.9121831324573577
       EH =     3691.4301027634091952
     Eloc =    -7836.7167350876470664
      Enl =      -15.7650889798763796
      Exc =     -575.5233305200730456
 Exc_core =      324.9916882312189159
       KE =      588.6068520825641599
  MuShift =        0.0000000000033376
-------------------------------------
     Etot =    -1819.0771313009715868
       TS =        0.2513326636924850
-------------------------------------
        F =    -1819.3284639646640244
