eMin: -2.122353 at state 0 ( [ +0.000000 +0.000000 +0.000000 ] spin 0 )
HOMO: -0.175023 at state 2 ( [ +0.000000 +0.500000 +0.000000 ] spin 0 )
mu  : -0.174082
LUMO: -0.173643 at state 2 ( [ +0.000000 +0.500000 +0.000000 ] spin 0 )
eMax: +0.349089 at state 9 ( [ +0.500000 +0.500000 +0.000000 ] spin 0 )
HOMO-LUMO gap: +0.001380
Optical gap  : +0.001380 at state 2 ( [ +0.000000 +0.500000 +0.000000 ] spin 0 )
