   A_diel =       -0.0037304429948383
   Eewald =     2114.2933578279280482
       EH =     3781.8349897977468572
     Eloc =    -8014.5028196086086609
      Enl =      -17.9827748279760833
      Exc =     -571.5322073206934874
 Exc_core =      324.9287929565687705
       KE =      580.5116976424926634
  MuShift =        0.0000000000078313
-------------------------------------
     Etot =    -1802.4526939755285184
       TS =        0.2435864767991738
-------------------------------------
        F =    -1802.6962804523277555
