eMin: -2.134114 at state 0 ( [ +0.000000 +0.000000 +0.000000 ] spin 0 )
HOMO: -0.186016 at state 8 ( [ +0.500000 +0.500000 +0.000000 ] spin 0 )
mu  : -0.185881
LUMO: -0.185684 at state 2 ( [ +0.000000 +0.500000 +0.000000 ] spin 0 )
eMax: +0.348417 at state 8 ( [ +0.500000 +0.500000 +0.000000 ] spin 0 )
HOMO-LUMO gap: +0.000332
Optical gap  : +0.001131 at state 4 ( [ +0.250000 +0.250000 +0.000000 ] spin 0 )
