eMin: -1.710620 at state 0 ( [ +0.000000 +0.000000 +0.000000 ] spin 0 )
HOMO: +0.237497 at state 8 ( [ +0.500000 +0.500000 +0.000000 ] spin 0 )
mu  : +0.237568
LUMO: +0.237812 at state 2 ( [ +0.000000 +0.500000 +0.000000 ] spin 0 )
eMax: +0.772948 at state 8 ( [ +0.500000 +0.500000 +0.000000 ] spin 0 )
HOMO-LUMO gap: +0.000315
Optical gap  : +0.001296 at state 4 ( [ +0.250000 +0.250000 +0.000000 ] spin 0 )
