   A_diel =       -0.0098151831399793
   Eewald =     2026.2517886513819576
       EH =     3715.1364761981330957
     Eloc =    -7883.3537875884630921
      Enl =      -15.8130402593099113
      Exc =     -575.8944734724362888
 Exc_core =      324.9916799260207654
       KE =      589.0056446397923082
  MuShift =        0.0000000000092093
-------------------------------------
     Etot =    -1819.6855270880123499
       TS =        0.2452944394216810
-------------------------------------
        F =    -1819.9308215274340910
