eMin: -2.158812 at state 0 ( [ +0.000000 +0.000000 +0.000000 ] spin 0 )
HOMO: -0.206087 at state 4 ( [ +0.250000 +0.250000 +0.000000 ] spin 0 )
mu  : -0.205915
LUMO: -0.204801 at state 9 ( [ +0.500000 +0.500000 +0.000000 ] spin 0 )
eMax: +0.358878 at state 2 ( [ +0.000000 +0.500000 +0.000000 ] spin 0 )
HOMO-LUMO gap: +0.001286
Optical gap  : +0.003604 at state 9 ( [ +0.500000 +0.500000 +0.000000 ] spin 0 )
