   A_diel =       -0.0101914396382285
   Eewald =    26687.5654238067800179
       EH =    28311.4768975366714585
     Eloc =   -57138.9499338555542636
      Enl =      -15.7300526665715115
      Exc =     -575.1041378824310186
 Exc_core =      324.9917243953760817
       KE =      587.5932559322545785
  MuShift =       -0.0014949909184423
-------------------------------------
     Etot =    -1818.1685091640335941
       TS =        0.2380715743702025
-------------------------------------
        F =    -1818.4065807384038180
      muN =      -58.3359328825092263
-------------------------------------
        G =    -1760.0706478558945491
