   Eewald =   -28034.9489792026251962
       EH =   -26517.4746665331404074
     Eloc =    52434.6989083629232482
      Enl =      -17.9780097301926105
      Exc =     -571.6028120400536636
 Exc_core =      324.9288323192178041
       KE =      580.2475537341026666
-------------------------------------
     Etot =    -1802.1291730897648904
       TS =        0.2294560660023065
-------------------------------------
        F =    -1802.3586291557671757
