eMin: -2.160932 at state 0 ( [ +0.000000 +0.000000 +0.000000 ] spin 0 )
HOMO: -0.174304 at state 1 ( [ +0.000000 +0.250000 +0.000000 ] spin 0 )
mu  : -0.173600
LUMO: -0.173005 at state 0 ( [ +0.000000 +0.000000 +0.000000 ] spin 0 )
eMax: +0.386873 at state 6 ( [ +0.500000 +0.500000 +0.000000 ] spin 0 )
HOMO-LUMO gap: +0.001299
Optical gap  : +0.001708 at state 6 ( [ +0.500000 +0.500000 +0.000000 ] spin 0 )
