eMin: -2.193439 at state 0 ( [ +0.000000 +0.000000 +0.000000 ] spin 0 )
HOMO: -0.206566 at state 1 ( [ +0.000000 +0.250000 +0.000000 ] spin 0 )
mu  : -0.205761
LUMO: -0.205270 at state 0 ( [ +0.000000 +0.000000 +0.000000 ] spin 0 )
eMax: +0.359863 at state 6 ( [ +0.500000 +0.500000 +0.000000 ] spin 0 )
HOMO-LUMO gap: +0.001296
Optical gap  : +0.001699 at state 6 ( [ +0.500000 +0.500000 +0.000000 ] spin 0 )
