   Eewald =     2114.2933578279275935
       EH =     3781.5336224687507638
     Eloc =    -8014.1944974729758542
      Enl =      -17.9833829226447541
      Exc =     -571.5267095672418236
 Exc_core =      324.9287929565689979
       KE =      580.4990061219630206
-------------------------------------
     Etot =    -1802.4498105876521095
       TS =        0.2438045524465441
-------------------------------------
        F =    -1802.6936151400987001
