   Eewald =     2003.9121831324564482
       EH =     3690.9570983404378239
     Eloc =    -7836.2325999228014553
      Enl =      -15.7690442120163254
      Exc =     -575.5119287821380567
 Exc_core =      324.9916882312191433
       KE =      588.5850949299400554
-------------------------------------
     Etot =    -1819.0675082829020539
       TS =        0.2515052648531344
-------------------------------------
        F =    -1819.3190135477552758
