eMin: -1.702406 at state 0 ( [ +0.000000 +0.000000 +0.000000 ] spin 0 )
HOMO: +0.246600 at state 4 ( [ +0.250000 +0.250000 +0.000000 ] spin 0 )
mu  : +0.246648
LUMO: +0.247012 at state 2 ( [ +0.000000 +0.500000 +0.000000 ] spin 0 )
eMax: +0.775112 at state 9 ( [ +0.500000 +0.500000 +0.000000 ] spin 0 )
HOMO-LUMO gap: +0.000412
Optical gap  : +0.001020 at state 6 ( [ +0.250000 -0.250000 +0.000000 ] spin 0 )
