   Eewald =     2026.2517886513851408
       EH =     3714.8090428619193517
     Eloc =    -7883.0112267490358136
      Enl =      -15.8176318114561880
      Exc =     -575.8827731909266276
 Exc_core =      324.9916799260207654
       KE =      588.9815570241859177
-------------------------------------
     Etot =    -1819.6775632879066507
       TS =        0.2454645635103346
-------------------------------------
        F =    -1819.9230278514169186
