   A_diel =       -0.0019600968343570
   Eewald =     1962.0085552019747865
       EH =     3641.3524646055916492
     Eloc =    -7722.1283015880417224
      Enl =      -17.7596259619246553
      Exc =     -571.9752472723334904
 Exc_core =      324.9288583391081602
       KE =      581.0909431575398685
  MuShift =        0.0000000000103886
-------------------------------------
     Etot =    -1802.4843136149090697
       TS =        0.2321694298086163
-------------------------------------
        F =    -1802.7164830447177337
