eMin: -2.137945 at state 0 ( [ +0.000000 +0.000000 +0.000000 ] spin 0 )
HOMO: -0.182552 at state 6 ( [ +0.250000 -0.250000 +0.000000 ] spin 0 )
mu  : -0.182393
LUMO: -0.182484 at state 0 ( [ +0.000000 +0.000000 +0.000000 ] spin 0 )
eMax: +0.363815 at state 7 ( [ +0.500000 +0.000000 +0.000000 ] spin 0 )
HOMO-LUMO gap: +0.000068
Optical gap  : +0.001060 at state 0 ( [ +0.000000 +0.000000 +0.000000 ] spin 0 )
