   A_diel =       -0.0180038901290092
   Eewald =     1881.5682484736676088
       EH =     3582.1633945014013989
     Eloc =    -7606.1159488977018555
      Enl =      -15.5759887653071996
      Exc =     -576.3604181211489959
 Exc_core =      324.9917519754465616
       KE =      589.6264415922623812
  MuShift =       -0.0000000000170861
-------------------------------------
     Etot =    -1819.7205231315258516
       TS =        0.2323867631075837
-------------------------------------
        F =    -1819.9529098946334216
