   Eewald =     1881.5682484736682909
       EH =     3582.4195323694993931
     Eloc =    -7606.3642698867242871
      Enl =      -15.5847112116429756
      Exc =     -576.3500369256917111
 Exc_core =      324.9917519754464479
       KE =      589.6081401072954122
-------------------------------------
     Etot =    -1819.7113450981498772
       TS =        0.2324817083859983
-------------------------------------
        F =    -1819.9438268065359807
