   A_diel =       -0.0372124647947224
   Eewald =    12861.1995008116191457
       EH =    14464.9059894552574406
     Eloc =   -29444.8447792813458364
      Enl =      -17.8091025510616312
      Exc =     -571.9433618584268970
 Exc_core =      324.9288437037855601
       KE =      581.1138474513245455
  MuShift =       -0.0057803569018577
-------------------------------------
     Etot =    -1802.4920550905437722
       TS =        0.2364631008972140
-------------------------------------
        F =    -1802.7285181914410259
      muN =      -57.4914088691564871
-------------------------------------
        G =    -1745.2371093222845957
