eMin: -2.142475 at state 0 ( [ +0.000000 +0.000000 +0.000000 ] spin 0 )
HOMO: -0.189174 at state 4 ( [ +0.250000 +0.250000 +0.000000 ] spin 0 )
mu  : -0.188155
LUMO: -0.187956 at state 6 ( [ +0.250000 -0.250000 +0.000000 ] spin 0 )
eMax: +0.338695 at state 9 ( [ +0.500000 +0.500000 +0.000000 ] spin 0 )
HOMO-LUMO gap: +0.001218
Optical gap  : +0.001286 at state 4 ( [ +0.250000 +0.250000 +0.000000 ] spin 0 )
