eMin: -2.127730 at state 0 ( [ +0.000000 +0.000000 +0.000000 ] spin 0 )
HOMO: -0.173591 at state 4 ( [ +0.250000 +0.250000 +0.000000 ] spin 0 )
mu  : -0.173600
LUMO: -0.173527 at state 0 ( [ +0.000000 +0.000000 +0.000000 ] spin 0 )
eMax: +0.353164 at state 9 ( [ +0.500000 +0.500000 +0.000000 ] spin 0 )
HOMO-LUMO gap: +0.000064
Optical gap  : +0.000166 at state 4 ( [ +0.250000 +0.250000 +0.000000 ] spin 0 )
