eMin: -2.126946 at state 0 ( [ +0.000000 +0.000000 +0.000000 ] spin 0 )
HOMO: -0.173579 at state 0 ( [ +0.000000 +0.000000 +0.000000 ] spin 0 )
mu  : -0.173600
LUMO: -0.173332 at state 0 ( [ +0.000000 +0.000000 +0.000000 ] spin 0 )
eMax: +0.359871 at state 8 ( [ +0.500000 +0.500000 +0.000000 ] spin 0 )
HOMO-LUMO gap: +0.000247
Optical gap  : +0.000247 at state 0 ( [ +0.000000 +0.000000 +0.000000 ] spin 0 )
