   Eewald =   -12399.1252772748393909
       EH =   -10860.6233253716400213
     Eloc =    21118.0786401636942173
      Enl =      -15.6262187678041258
      Exc =     -575.8386752327288605
 Exc_core =      324.9917351703575719
       KE =      589.0616259301339142
-------------------------------------
     Etot =    -1819.0814953828264606
       TS =        0.2413041402906464
-------------------------------------
        F =    -1819.3227995231170553
