   Eewald =   -12347.5981310344686790
       EH =   -10809.8882116653730918
     Eloc =    21015.0861513219242624
      Enl =      -15.6300885091122144
      Exc =     -576.2961096126732627
 Exc_core =      324.9917372532692070
       KE =      589.6546928144099411
-------------------------------------
     Etot =    -1819.6799594320241340
       TS =        0.2362555579029101
-------------------------------------
        F =    -1819.9162149899270844
