   A_diel =       -0.0375152668321351
   Eewald =    12956.9865292088979913
       EH =    14577.7148851323945564
     Eloc =   -29674.9369735566724557
      Enl =      -15.5615990823472963
      Exc =     -575.1050453365849080
 Exc_core =      324.9917410780023488
       KE =      588.0000713323853461
  MuShift =       -0.0062244675046646
-------------------------------------
     Etot =    -1817.9541309582605209
       TS =        0.2432786106187232
-------------------------------------
        F =    -1818.1974095688792659
      muN =      -58.3612214489985917
-------------------------------------
        G =    -1759.8361881198807168
