   Eewald =   -11268.7301076424228086
       EH =    -9747.5894971450561570
     Eloc =    18898.1743428797963134
      Enl =      -17.7229021958932265
      Exc =     -571.6285077024907650
 Exc_core =      324.9288759597889680
       KE =      580.6621627997666337
-------------------------------------
     Etot =    -1801.9056330465132305
       TS =        0.2298911847256883
-------------------------------------
        F =    -1802.1355242312388327
