   A_diel =       -0.0101159334269880
   Eewald =    13067.5746271063107997
       EH =    14680.9016887878024136
     Eloc =   -29890.1524666111072293
      Enl =      -15.6234429443913037
      Exc =     -575.8470292429924484
 Exc_core =      324.9917351703575719
       KE =      589.0750182408872888
  MuShift =       -0.0001672140258389
-------------------------------------
     Etot =    -1819.0901526405848472
       TS =        0.2410253371824777
-------------------------------------
        F =    -1819.3311779777673109
      muN =      -58.6776444517557749
-------------------------------------
        G =    -1760.6535335260116426
