eMin: -2.150499 at state 0 ( [ +0.000000 +0.000000 +0.000000 ] spin 0 )
HOMO: -0.195259 at state 5 ( [ +0.250000 +0.500000 +0.000000 ] spin 0 )
mu  : -0.195152
LUMO: -0.195043 at state 4 ( [ +0.250000 +0.250000 +0.000000 ] spin 0 )
eMax: +0.335712 at state 8 ( [ +0.500000 +0.500000 +0.000000 ] spin 0 )
HOMO-LUMO gap: +0.000216
Optical gap  : +0.000830 at state 0 ( [ +0.000000 +0.000000 +0.000000 ] spin 0 )
