   Eewald =     2094.6146686666288588
       EH =     3778.2303621713163011
     Eloc =    -8014.6234364672000083
      Enl =      -15.8985762091943847
      Exc =     -575.6745771624935060
 Exc_core =      324.9916757498996276
       KE =      588.7146935551237448
-------------------------------------
     Etot =    -1819.6451896959197256
       TS =        0.2491450599349656
-------------------------------------
        F =    -1819.8943347558547430
