eMin: -1.713040 at state 0 ( [ +0.000000 +0.000000 +0.000000 ] spin 0 )
HOMO: +0.232244 at state 4 ( [ +0.250000 +0.250000 +0.000000 ] spin 0 )
mu  : +0.232488
LUMO: +0.232753 at state 1 ( [ +0.000000 +0.250000 +0.000000 ] spin 0 )
eMax: +0.743095 at state 9 ( [ +0.500000 +0.500000 +0.000000 ] spin 0 )
HOMO-LUMO gap: +0.000508
Optical gap  : +0.000700 at state 0 ( [ +0.000000 +0.000000 +0.000000 ] spin 0 )
