   A_diel =       -0.0098349551392390
   Eewald =     2068.6810629972806055
       EH =     3751.1908017245568772
     Eloc =    -7961.1076384735724787
      Enl =      -15.8289559638134474
      Exc =     -575.3343481334230773
 Exc_core =      324.9916845937062249
       KE =      588.3698107911752686
  MuShift =        0.0000000000129567
-------------------------------------
     Etot =    -1819.0474174192158898
       TS =        0.2538644274888965
-------------------------------------
        F =    -1819.3012818467047964
