   Eewald =     2191.1776666820351238
       EH =     3853.5123737106514454
     Eloc =    -8162.9201636689276711
      Enl =      -18.0495773871058347
      Exc =     -571.3462538398545121
 Exc_core =      324.9287951827809025
       KE =      580.2776369714374596
-------------------------------------
     Etot =    -1802.4195223489828095
       TS =        0.2463650971883230
-------------------------------------
        F =    -1802.6658874461711548
