eMin: -2.116905 at state 0 ( [ +0.000000 +0.000000 +0.000000 ] spin 0 )
HOMO: -0.171542 at state 4 ( [ +0.250000 +0.250000 +0.000000 ] spin 0 )
mu  : -0.171232
LUMO: -0.171020 at state 1 ( [ +0.000000 +0.250000 +0.000000 ] spin 0 )
eMax: +0.342131 at state 9 ( [ +0.500000 +0.500000 +0.000000 ] spin 0 )
HOMO-LUMO gap: +0.000522
Optical gap  : +0.000655 at state 0 ( [ +0.000000 +0.000000 +0.000000 ] spin 0 )
