eMin: -1.725800 at state 0 ( [ +0.000000 +0.000000 +0.000000 ] spin 0 )
HOMO: +0.220235 at state 0 ( [ +0.000000 +0.000000 +0.000000 ] spin 0 )
mu  : +0.220336
LUMO: +0.220350 at state 6 ( [ +0.500000 +0.000000 +0.000000 ] spin 0 )
eMax: +0.740211 at state 8 ( [ +0.500000 +0.500000 +0.000000 ] spin 0 )
HOMO-LUMO gap: +0.000115
Optical gap  : +0.000785 at state 8 ( [ +0.500000 +0.500000 +0.000000 ] spin 0 )
