eMin: -2.126505 at state 0 ( [ +0.000000 +0.000000 +0.000000 ] spin 0 )
HOMO: -0.180936 at state 0 ( [ +0.000000 +0.000000 +0.000000 ] spin 0 )
mu  : -0.180646
LUMO: -0.180600 at state 3 ( [ +0.250000 +0.000000 +0.000000 ] spin 0 )
eMax: +0.338393 at state 9 ( [ +0.500000 +0.500000 +0.000000 ] spin 0 )
HOMO-LUMO gap: +0.000336
Optical gap  : +0.000496 at state 0 ( [ +0.000000 +0.000000 +0.000000 ] spin 0 )
