eMin: -1.716899 at state 0 ( [ +0.000000 +0.000000 +0.000000 ] spin 0 )
HOMO: +0.228821 at state 0 ( [ +0.000000 +0.000000 +0.000000 ] spin 0 )
mu  : +0.228877
LUMO: +0.229003 at state 9 ( [ +0.500000 +0.500000 +0.000000 ] spin 0 )
eMax: +0.747572 at state 9 ( [ +0.500000 +0.500000 +0.000000 ] spin 0 )
HOMO-LUMO gap: +0.000182
Optical gap  : +0.000360 at state 0 ( [ +0.000000 +0.000000 +0.000000 ] spin 0 )
