   Eewald =     2068.6810629972801507
       EH =     3750.5761953062133216
     Eloc =    -7960.4787911388648354
      Enl =      -15.8308746744602526
      Exc =     -575.3219307997234182
 Exc_core =      324.9916845937062249
       KE =      588.3437669302611539
-------------------------------------
     Etot =    -1819.0388867855872377
       TS =        0.2542365884319598
-------------------------------------
        F =    -1819.2931233740191601
