   A_diel =       -0.0041942616569336
   Eewald =     2191.1776666820337596
       EH =     3853.9079473193205558
     Eloc =    -8163.3226401743422684
      Enl =      -18.0492839959615274
      Exc =     -571.3525824895971255
 Exc_core =      324.9287951827807888
       KE =      580.2913114670717505
  MuShift =       -0.0000000000024299
-------------------------------------
     Etot =    -1802.4229802703528094
       TS =        0.2459347995933042
-------------------------------------
        F =    -1802.6689150699460242
