   A_diel =                      -nan
   Eewald =     2094.6146686666315873
       EH =     3778.9723689208562973
     Eloc =    -8015.3921524548204616
      Enl =      -15.8927646374241913
      Exc =     -575.6912454458520187
 Exc_core =      324.9916757498996276
       KE =      588.7545000193201759
  MuShift =        0.0000000000017267
-------------------------------------
     Etot =                      -nan
       TS =        0.2488899078248372
-------------------------------------
        F =                      -nan
