eMin: -2.131068 at state 0 ( [ +0.000000 +0.000000 +0.000000 ] spin 0 )
HOMO: -0.184828 at state 6 ( [ +0.500000 +0.000000 +0.000000 ] spin 0 )
mu  : -0.184801
LUMO: -0.184522 at state 1 ( [ +0.000000 +0.250000 +0.000000 ] spin 0 )
eMax: +0.334302 at state 8 ( [ +0.500000 +0.500000 +0.000000 ] spin 0 )
HOMO-LUMO gap: +0.000306
Optical gap  : +0.000478 at state 6 ( [ +0.500000 +0.000000 +0.000000 ] spin 0 )
