   A_diel =       -0.0050578699005045
   Eewald =    26675.0080466361396248
       EH =    28281.8582502205936180
     Eloc =   -57074.5863937662361423
      Enl =      -17.9766300511699377
      Exc =     -571.6105334549366717
 Exc_core =      324.9288323192178609
       KE =      580.2510744734805712
  MuShift =       -0.0011199891394272
-------------------------------------
     Etot =    -1802.1335314819482392
       TS =        0.2294016885165913
-------------------------------------
        F =    -1802.3629331704648848
      muN =      -57.2928306105465595
-------------------------------------
        G =    -1745.0701025599182685
