   Eewald =   -31130.1775105195883953
       EH =   -29597.4350895771094656
     Eloc =    58586.3201080843864474
      Enl =      -15.8208484266465401
      Exc =     -575.8279574251121176
 Exc_core =      324.9917248255447362
       KE =      588.6345335163238133
-------------------------------------
     Etot =    -1819.3150395222019142
       TS =        0.2389258870251833
-------------------------------------
        F =    -1819.5539654092272031
