   Eewald =   -23316.9329723720366019
       EH =   -21785.2689474669714400
     Eloc =    42962.1978173485622392
      Enl =      -15.7374434414534896
      Exc =     -575.0083270570972900
 Exc_core =      324.9917139733986460
       KE =      587.6974114110480514
-------------------------------------
     Etot =    -1818.0607476045461226
       TS =        0.2412853535710254
-------------------------------------
        F =    -1818.3020329581172518
