   Eewald =   -23254.5328321329834580
       EH =   -21720.5001687040057732
     Eloc =    42832.8817842877397197
      Enl =      -15.8230112906990623
      Exc =     -576.2770462513732355
 Exc_core =      324.9917008584772589
       KE =      589.4334009147867164
-------------------------------------
     Etot =    -1819.8261723180614808
       TS =        0.2343348832194591
-------------------------------------
        F =    -1820.0605072012808705
