eMin: -2.160021 at state 0 ( [ +0.000000 +0.000000 +0.000000 ] spin 0 )
HOMO: -0.209047 at state 3 ( [ +0.250000 +0.000000 +0.000000 ] spin 0 )
mu  : -0.208793
LUMO: -0.208683 at state 3 ( [ +0.250000 +0.000000 +0.000000 ] spin 0 )
eMax: +0.318175 at state 6 ( [ +0.500000 +0.000000 +0.000000 ] spin 0 )
HOMO-LUMO gap: +0.000363
Optical gap  : +0.000363 at state 3 ( [ +0.250000 +0.000000 +0.000000 ] spin 0 )
