   Eewald =   -30463.5809744961770775
       EH =   -28932.9032737776178692
     Eloc =    57256.5718918822458363
      Enl =      -15.7322750671766212
      Exc =     -575.0918088759829061
 Exc_core =      324.9917243953760249
       KE =      587.5852118642477535
-------------------------------------
     Etot =    -1818.1595040750844419
       TS =        0.2381892021515889
-------------------------------------
        F =    -1818.3976932772359305
