   A_diel =       -0.0081582693989865
   Eewald =    27022.6030744175513973
       EH =    28617.6621275034340215
     Eloc =   -57758.7844403492490528
      Enl =      -17.9964520054480346
      Exc =     -571.8974956204823457
 Exc_core =      324.9288165930967693
       KE =      580.8880850796901996
  MuShift =       -0.0012209574264439
-------------------------------------
     Etot =    -1802.6056636082378191
       TS =        0.2335561800447611
-------------------------------------
        F =    -1802.8392197882826622
      muN =      -57.4679001352946131
-------------------------------------
        G =    -1745.3713196529879497
