   A_diel =       -0.0065525056293087
   Eewald =    26829.2553613435266016
       EH =    28423.1416195103738573
     Eloc =   -57370.1265477453707717
      Enl =      -17.9637370265926606
      Exc =     -571.4977512651503275
 Exc_core =      324.9288202902804983
       KE =      580.2185468114823834
  MuShift =       -0.0014264668776892
-------------------------------------
     Etot =    -1802.0516670539591360
       TS =        0.2302048247430513
-------------------------------------
        F =    -1802.2818718787020771
      muN =      -57.2953828679541175
-------------------------------------
        G =    -1744.9864890107478459
