   Eewald =   -21492.5816639648292039
       EH =   -19975.7426981816934131
     Eloc =    39350.5907348824330256
      Enl =      -17.9660446909677525
      Exc =     -571.4851012651290603
 Exc_core =      324.9288202902803846
       KE =      580.2115116431184560
-------------------------------------
     Etot =    -1802.0444412867880146
       TS =        0.2303888962901916
-------------------------------------
        F =    -1802.2748301830781656
