eMin: -2.126450 at state 0 ( [ +0.000000 +0.000000 +0.000000 ] spin 0 )
HOMO: -0.173784 at state 4 ( [ +0.250000 +0.250000 +0.000000 ] spin 0 )
mu  : -0.173600
LUMO: -0.172470 at state 9 ( [ +0.500000 +0.500000 +0.000000 ] spin 0 )
eMax: +0.387436 at state 2 ( [ +0.000000 +0.500000 +0.000000 ] spin 0 )
HOMO-LUMO gap: +0.001315
Optical gap  : +0.003668 at state 9 ( [ +0.500000 +0.500000 +0.000000 ] spin 0 )
