   A_diel =       -0.0083021815078485
   Eewald =    26868.1961234782320389
       EH =    28476.2763096905982820
     Eloc =   -57462.9168518351216335
      Enl =      -18.0041777430339103
      Exc =     -571.9912066362128371
 Exc_core =      324.9288263339406626
       KE =      580.8236634167261627
  MuShift =       -0.0012734066674683
-------------------------------------
     Etot =    -1802.6968888830426749
       TS =        0.2305216899671397
-------------------------------------
        F =    -1802.9274105730098654
      muN =      -57.4670757205926535
-------------------------------------
        G =    -1745.4603348524171906
