eMin: -2.161640 at state 0 ( [ +0.000000 +0.000000 +0.000000 ] spin 0 )
HOMO: -0.210202 at state 0 ( [ +0.000000 +0.000000 +0.000000 ] spin 0 )
mu  : -0.210120
LUMO: -0.209949 at state 8 ( [ +0.500000 +0.250000 +0.000000 ] spin 0 )
eMax: +0.345295 at state 2 ( [ +0.000000 +0.500000 +0.000000 ] spin 0 )
HOMO-LUMO gap: +0.000253
Optical gap  : +0.000890 at state 0 ( [ +0.000000 +0.000000 +0.000000 ] spin 0 )
