eMin: -2.157811 at state 0 ( [ +0.000000 +0.000000 +0.000000 ] spin 0 )
HOMO: -0.206532 at state 0 ( [ +0.000000 +0.000000 +0.000000 ] spin 0 )
mu  : -0.206432
LUMO: -0.206262 at state 5 ( [ +0.250000 +0.500000 +0.000000 ] spin 0 )
eMax: +0.347540 at state 9 ( [ +0.500000 +0.500000 +0.000000 ] spin 0 )
HOMO-LUMO gap: +0.000271
Optical gap  : +0.001040 at state 0 ( [ +0.000000 +0.000000 +0.000000 ] spin 0 )
