eMin: -2.161915 at state 0 ( [ +0.000000 +0.000000 +0.000000 ] spin 0 )
HOMO: -0.207435 at state 0 ( [ +0.000000 +0.000000 +0.000000 ] spin 0 )
mu  : -0.207346
LUMO: -0.207275 at state 9 ( [ +0.500000 +0.500000 +0.000000 ] spin 0 )
eMax: +0.357881 at state 9 ( [ +0.500000 +0.500000 +0.000000 ] spin 0 )
HOMO-LUMO gap: +0.000159
Optical gap  : +0.000184 at state 0 ( [ +0.000000 +0.000000 +0.000000 ] spin 0 )
