eMin: -1.676445 at state 3 ( [ +0.250000 +0.000000 +0.000000 ] spin 0 )
HOMO: +0.279210 at state 1 ( [ +0.000000 +0.250000 +0.000000 ] spin 0 )
mu  : +0.279519
LUMO: +0.279905 at state 0 ( [ +0.000000 +0.000000 +0.000000 ] spin 0 )
eMax: +0.827159 at state 8 ( [ +0.500000 +0.500000 +0.000000 ] spin 0 )
HOMO-LUMO gap: +0.000695
Optical gap  : +0.001359 at state 0 ( [ +0.000000 +0.000000 +0.000000 ] spin 0 )
