eMin: -2.130586 at state 0 ( [ +0.000000 +0.000000 +0.000000 ] spin 0 )
HOMO: -0.174968 at state 0 ( [ +0.000000 +0.000000 +0.000000 ] spin 0 )
mu  : -0.174918
LUMO: -0.174715 at state 8 ( [ +0.500000 +0.250000 +0.000000 ] spin 0 )
eMax: +0.368632 at state 7 ( [ +0.500000 +0.000000 +0.000000 ] spin 0 )
HOMO-LUMO gap: +0.000253
Optical gap  : +0.000298 at state 0 ( [ +0.000000 +0.000000 +0.000000 ] spin 0 )
