eMin: -2.145284 at state 6 ( [ +0.500000 +0.000000 +0.000000 ] spin 0 )
HOMO: -0.189541 at state 1 ( [ +0.000000 +0.250000 +0.000000 ] spin 0 )
mu  : -0.189175
LUMO: -0.188825 at state 0 ( [ +0.000000 +0.000000 +0.000000 ] spin 0 )
eMax: +0.357075 at state 8 ( [ +0.500000 +0.500000 +0.000000 ] spin 0 )
HOMO-LUMO gap: +0.000716
Optical gap  : +0.001406 at state 0 ( [ +0.000000 +0.000000 +0.000000 ] spin 0 )
