   A_diel =       -0.0109764550421211
   Eewald =     1837.8571646306720595
       EH =     3537.6548250081855258
     Eloc =    -7517.2370700142382702
      Enl =      -15.5659600638747619
      Exc =     -575.9341096543437288
 Exc_core =      324.9917499144308977
       KE =      589.1414285111711706
  MuShift =       -0.0000000000176434
-------------------------------------
     Etot =    -1819.1029481230573310
       TS =        0.2412879098604336
-------------------------------------
        F =    -1819.3442360329177063
