   Eewald =     1837.8571646306709226
       EH =     3537.5179734813277719
     Eloc =    -7517.0919600998840906
      Enl =      -15.5707005931799642
      Exc =     -575.9254775060942393
 Exc_core =      324.9917499144308977
       KE =      589.1258203131621940
-------------------------------------
     Etot =    -1819.0954298595672753
       TS =        0.2412564939333900
-------------------------------------
        F =    -1819.3366863535006814
