eMin: -1.664258 at state 0 ( [ +0.000000 +0.000000 +0.000000 ] spin 0 )
HOMO: +0.291278 at state 2 ( [ +0.000000 +0.500000 +0.000000 ] spin 0 )
mu  : +0.291470
LUMO: +0.291666 at state 8 ( [ +0.500000 +0.250000 +0.000000 ] spin 0 )
eMax: +0.836648 at state 7 ( [ +0.500000 +0.000000 +0.000000 ] spin 0 )
HOMO-LUMO gap: +0.000388
Optical gap  : +0.000987 at state 0 ( [ +0.000000 +0.000000 +0.000000 ] spin 0 )
