eMin: -1.666887 at state 0 ( [ +0.000000 +0.000000 +0.000000 ] spin 0 )
HOMO: +0.288625 at state 0 ( [ +0.000000 +0.000000 +0.000000 ] spin 0 )
mu  : +0.288626
LUMO: +0.288839 at state 0 ( [ +0.000000 +0.000000 +0.000000 ] spin 0 )
eMax: +0.835306 at state 7 ( [ +0.500000 +0.000000 +0.000000 ] spin 0 )
HOMO-LUMO gap: +0.000214
Optical gap  : +0.000214 at state 0 ( [ +0.000000 +0.000000 +0.000000 ] spin 0 )
