   Eewald =     1962.0085552019786519
       EH =     3641.3622503827700712
     Eloc =    -7722.1336818491372469
      Enl =      -17.7606271412129679
      Exc =     -571.9722151037409503
 Exc_core =      324.9288583391080465
       KE =      581.0839587116365692
-------------------------------------
     Etot =    -1802.4829014585970981
       TS =        0.2321702676420844
-------------------------------------
        F =    -1802.7150717262391026
