   A_diel =       -0.1343301483346559
   Eewald =        7.2158827333523954
       EH =       19.1853469295276504
     Eloc =      -50.5091025663398057
      Enl =        2.2451153194420228
      Exc =       -4.4918353777129418
 Exc_core =        0.0650496542729056
       KE =        8.7161507505612335
  MuShift =        0.0017531313395008
-------------------------------------
     Etot =      -17.7059695738916965
