   A_diel =       -0.0367956220338324
   Eewald =    26794.6067898831497587
       EH =    28428.0710423404925677
     Eloc =   -57363.9637159088451881
      Enl =      -15.8112924341148631
      Exc =     -575.8686915278842662
 Exc_core =      324.9917248255447362
       KE =      588.6692746127808959
  MuShift =       -0.0044240352674192
-------------------------------------
     Etot =    -1819.3460878661796869
       TS =        0.2381764028894194
-------------------------------------
        F =    -1819.5842642690690809
      muN =      -58.6954296216080920
-------------------------------------
        G =    -1760.8888346474609534
