eMin: -2.125235 at state 0 ( [ +0.000000 +0.000000 +0.000000 ] spin 0 )
HOMO: -0.174083 at state 0 ( [ +0.000000 +0.000000 +0.000000 ] spin 0 )
mu  : -0.173600
LUMO: -0.173546 at state 5 ( [ +0.250000 +0.500000 +0.000000 ] spin 0 )
eMax: +0.376531 at state 2 ( [ +0.000000 +0.500000 +0.000000 ] spin 0 )
HOMO-LUMO gap: +0.000537
Optical gap  : +0.001308 at state 0 ( [ +0.000000 +0.000000 +0.000000 ] spin 0 )
