   A_diel =       -0.0173527917922634
   Eewald =        3.8867963011258615
       EH =       18.4461988107406931
     Eloc =      -45.8884845431637558
      Enl =        2.2312715560059346
      Exc =       -4.3471787695691138
 Exc_core =        0.0650479443160548
       KE =        8.3432671267295682
-------------------------------------
     Etot =      -17.2804343656070181
