eMin: -2.148215 at state 0 ( [ +0.000000 +0.000000 +0.000000 ] spin 0 )
HOMO: -0.173922 at state 2 ( [ +0.000000 +0.500000 +0.000000 ] spin 0 )
mu  : -0.173600
LUMO: -0.172837 at state 1 ( [ +0.000000 +0.250000 +0.000000 ] spin 0 )
eMax: +0.351411 at state 2 ( [ +0.000000 +0.500000 +0.000000 ] spin 0 )
HOMO-LUMO gap: +0.001084
Optical gap  : +0.001321 at state 1 ( [ +0.000000 +0.250000 +0.000000 ] spin 0 )
