eMin: -2.153628 at state 0 ( [ +0.000000 +0.000000 +0.000000 ] spin 0 )
HOMO: -0.201371 at state 4 ( [ +0.250000 +0.250000 +0.000000 ] spin 0 )
mu  : -0.201158
LUMO: -0.200746 at state 3 ( [ +0.250000 +0.000000 +0.000000 ] spin 0 )
eMax: +0.327880 at state 2 ( [ +0.000000 +0.500000 +0.000000 ] spin 0 )
HOMO-LUMO gap: +0.000625
Optical gap  : +0.000858 at state 1 ( [ +0.000000 +0.250000 +0.000000 ] spin 0 )
