eMin: -2.124877 at state 0 ( [ +0.000000 +0.000000 +0.000000 ] spin 0 )
HOMO: -0.173923 at state 3 ( [ +0.250000 +0.000000 +0.000000 ] spin 0 )
mu  : -0.173600
LUMO: -0.173524 at state 3 ( [ +0.250000 +0.000000 +0.000000 ] spin 0 )
eMax: +0.350719 at state 6 ( [ +0.500000 +0.000000 +0.000000 ] spin 0 )
HOMO-LUMO gap: +0.000399
Optical gap  : +0.000399 at state 3 ( [ +0.250000 +0.000000 +0.000000 ] spin 0 )
