eMin: -2.152008 at state 0 ( [ +0.000000 +0.000000 +0.000000 ] spin 0 )
HOMO: -0.196675 at state 3 ( [ +0.250000 +0.000000 +0.000000 ] spin 0 )
mu  : -0.195949
LUMO: -0.195881 at state 0 ( [ +0.000000 +0.000000 +0.000000 ] spin 0 )
eMax: +0.345705 at state 9 ( [ +0.500000 +0.500000 +0.000000 ] spin 0 )
HOMO-LUMO gap: +0.000794
Optical gap  : +0.000882 at state 0 ( [ +0.000000 +0.000000 +0.000000 ] spin 0 )
