   A_diel =       -0.0170303940644487
   Eewald =     1936.1261467361130144
       EH =     3636.7834105388183161
     Eloc =    -7715.2993175582059848
      Enl =      -15.5835403476510113
      Exc =     -576.3519557971102358
 Exc_core =      324.9917357703940866
       KE =      589.6336645418824673
  MuShift =       -0.0000000000160890
-------------------------------------
     Etot =    -1819.7168865098399237
       TS =        0.2314819941976704
-------------------------------------
        F =    -1819.9483685040374894
