   Eewald =     2028.8023614339085725
       EH =     3708.2916089804043622
     Eloc =    -7855.8945962009802315
      Enl =      -17.7548279330384489
      Exc =     -571.9892254351379961
 Exc_core =      324.9288504935376523
       KE =      581.1363413795237420
-------------------------------------
     Etot =    -1802.4794872817824398
       TS =        0.2312033721804767
-------------------------------------
        F =    -1802.7106906539629563
