eMin: -1.666933 at state 0 ( [ +0.000000 +0.000000 +0.000000 ] spin 0 )
HOMO: +0.287403 at state 3 ( [ +0.250000 +0.000000 +0.000000 ] spin 0 )
mu  : +0.288133
LUMO: +0.288609 at state 3 ( [ +0.250000 +0.000000 +0.000000 ] spin 0 )
eMax: +0.829536 at state 9 ( [ +0.500000 +0.500000 +0.000000 ] spin 0 )
HOMO-LUMO gap: +0.001206
Optical gap  : +0.001206 at state 3 ( [ +0.250000 +0.000000 +0.000000 ] spin 0 )
