   Eewald =   -12191.0433307224975579
       EH =   -10654.1538691946807376
     Eloc =    20704.9383604012982687
      Enl =      -15.5679347820526139
      Exc =     -575.0540282366300744
 Exc_core =      324.9917410780022919
       KE =      587.9704063414587836
-------------------------------------
     Etot =    -1817.9186551151037747
       TS =        0.2436966149501133
-------------------------------------
        F =    -1818.1623517300538424
