   A_diel =       -0.0041257452116573
   Eewald =    13232.2308631495307054
       EH =    14843.0606414162411966
     Eloc =   -30217.7007003052094660
      Enl =      -15.6268336915104129
      Exc =     -576.2939306015329066
 Exc_core =      324.9917372532692070
       KE =      589.6602110139741626
  MuShift =        0.0010697584872706
-------------------------------------
     Etot =    -1819.6810677519604269
       TS =        0.2361490267894444
-------------------------------------
        F =    -1819.9172167787498893
      muN =      -58.8450135220940993
-------------------------------------
        G =    -1761.0722032566557118
