eMin: -2.124353 at state 0 ( [ +0.000000 +0.000000 +0.000000 ] spin 0 )
HOMO: -0.169049 at state 3 ( [ +0.250000 +0.000000 +0.000000 ] spin 0 )
mu  : -0.168301
LUMO: -0.167727 at state 0 ( [ +0.000000 +0.000000 +0.000000 ] spin 0 )
eMax: +0.370392 at state 9 ( [ +0.500000 +0.500000 +0.000000 ] spin 0 )
HOMO-LUMO gap: +0.001321
Optical gap  : +0.001386 at state 0 ( [ +0.000000 +0.000000 +0.000000 ] spin 0 )
