   A_diel =       -0.0089223854239084
   Eewald =    13596.3779379090137809
       EH =    15214.5158709075076331
     Eloc =   -30953.3848673368411255
      Enl =      -15.5492398352318943
      Exc =     -576.4299369794624681
 Exc_core =      324.9917421037038707
       KE =      589.7740315332947603
  MuShift =        0.0000000000006794
-------------------------------------
     Etot =    -1819.7133840834392231
       TS =        0.2292606580477817
-------------------------------------
        F =    -1819.9426447414869017
