   Eewald =   -13318.7033394783757103
       EH =   -11798.9183347621583380
     Eloc =    22998.7358196192872128
      Enl =      -17.7218497667875603
      Exc =     -572.0643597463403012
 Exc_core =      324.9288585678755226
       KE =      581.2647952840577545
-------------------------------------
     Etot =    -1802.4784102824417005
       TS =        0.2289376102557234
-------------------------------------
        F =    -1802.7073478926974985
