eMin: -2.144771 at state 0 ( [ +0.000000 +0.000000 +0.000000 ] spin 0 )
HOMO: -0.189269 at state 0 ( [ +0.000000 +0.000000 +0.000000 ] spin 0 )
mu  : -0.188385
LUMO: -0.188163 at state 0 ( [ +0.000000 +0.000000 +0.000000 ] spin 0 )
eMax: +0.356422 at state 5 ( [ +0.250000 +0.500000 +0.000000 ] spin 0 )
HOMO-LUMO gap: +0.001106
Optical gap  : +0.001106 at state 0 ( [ +0.000000 +0.000000 +0.000000 ] spin 0 )
