   Eewald =   -14423.0994187306823733
       EH =   -12887.6304968861841189
     Eloc =    25168.2481662459686049
      Enl =      -15.5548381184222553
      Exc =     -576.4227747883659276
 Exc_core =      324.9917421037039844
       KE =      589.7605735189780489
-------------------------------------
     Etot =    -1819.7070466550039782
       TS =        0.2293180505150863
-------------------------------------
        F =    -1819.9363647055190540
