   A_diel =       -0.0030814221298321
   Eewald =    13272.2197281641638256
       EH =    14872.2650428847919102
     Eloc =   -30263.3747887027020624
      Enl =      -17.7196989382427219
      Exc =     -572.0673593646577046
 Exc_core =      324.9288585678755226
       KE =      581.2709599703994172
  MuShift =       -0.0000000000027612
-------------------------------------
     Etot =    -1802.4803388405066471
       TS =        0.2289311484878905
-------------------------------------
        F =    -1802.7092699889944925
