eMin: -2.158273 at state 3 ( [ +0.250000 +0.000000 +0.000000 ] spin 0 )
HOMO: -0.202753 at state 0 ( [ +0.000000 +0.000000 +0.000000 ] spin 0 )
mu  : -0.201839
LUMO: -0.201643 at state 0 ( [ +0.000000 +0.000000 +0.000000 ] spin 0 )
eMax: +0.345268 at state 5 ( [ +0.250000 +0.500000 +0.000000 ] spin 0 )
HOMO-LUMO gap: +0.001111
Optical gap  : +0.001111 at state 0 ( [ +0.000000 +0.000000 +0.000000 ] spin 0 )
