   Eewald =     1894.7653308511885371
       EH =     3594.4750434209786363
     Eloc =    -7630.9426148058901163
      Enl =      -15.5859183507255565
      Exc =     -575.9106502661563809
 Exc_core =      324.9917331005907499
       KE =      589.1141392305166846
-------------------------------------
     Etot =    -1819.0929368194970266
       TS =        0.2405679279797766
-------------------------------------
        F =    -1819.3335047474768089
