eMin: -1.663843 at state 0 ( [ +0.000000 +0.000000 +0.000000 ] spin 0 )
HOMO: +0.290873 at state 0 ( [ +0.000000 +0.000000 +0.000000 ] spin 0 )
mu  : +0.291319
LUMO: +0.291608 at state 0 ( [ +0.000000 +0.000000 +0.000000 ] spin 0 )
eMax: +0.833581 at state 9 ( [ +0.500000 +0.500000 +0.000000 ] spin 0 )
HOMO-LUMO gap: +0.000735
Optical gap  : +0.000735 at state 0 ( [ +0.000000 +0.000000 +0.000000 ] spin 0 )
