eMin: -2.142967 at state 0 ( [ +0.000000 +0.000000 +0.000000 ] spin 0 )
HOMO: -0.187929 at state 0 ( [ +0.000000 +0.000000 +0.000000 ] spin 0 )
mu  : -0.187662
LUMO: -0.186812 at state 8 ( [ +0.500000 +0.500000 +0.000000 ] spin 0 )
eMax: +0.355959 at state 5 ( [ +0.250000 +0.500000 +0.000000 ] spin 0 )
HOMO-LUMO gap: +0.001118
Optical gap  : +0.002493 at state 0 ( [ +0.000000 +0.000000 +0.000000 ] spin 0 )
