eMin: -1.675555 at state 3 ( [ +0.250000 +0.000000 +0.000000 ] spin 0 )
HOMO: +0.279609 at state 0 ( [ +0.000000 +0.000000 +0.000000 ] spin 0 )
mu  : +0.279894
LUMO: +0.280786 at state 8 ( [ +0.500000 +0.500000 +0.000000 ] spin 0 )
eMax: +0.825947 at state 5 ( [ +0.250000 +0.500000 +0.000000 ] spin 0 )
HOMO-LUMO gap: +0.001177
Optical gap  : +0.002522 at state 0 ( [ +0.000000 +0.000000 +0.000000 ] spin 0 )
