   A_diel =       -0.0031322104269852
   Eewald =     2028.8023614339083451
       EH =     3708.2872066866043497
     Eloc =    -7855.8931926998902782
      Enl =      -17.7528003003386878
      Exc =     -571.9916202144885347
 Exc_core =      324.9288504935375386
       KE =      581.1408030677621355
  MuShift =       -0.0000000000054530
-------------------------------------
     Etot =    -1802.4815237433372204
       TS =        0.2312016243148932
-------------------------------------
        F =    -1802.7127253676521832
