eMin: -2.138931 at state 0 ( [ +0.000000 +0.000000 +0.000000 ] spin 0 )
HOMO: -0.184590 at state 3 ( [ +0.250000 +0.000000 +0.000000 ] spin 0 )
mu  : -0.183877
LUMO: -0.183479 at state 3 ( [ +0.250000 +0.000000 +0.000000 ] spin 0 )
eMax: +0.356860 at state 9 ( [ +0.500000 +0.500000 +0.000000 ] spin 0 )
HOMO-LUMO gap: +0.001110
Optical gap  : +0.001110 at state 3 ( [ +0.250000 +0.000000 +0.000000 ] spin 0 )
