eMin: -2.130579 at state 0 ( [ +0.000000 +0.000000 +0.000000 ] spin 0 )
HOMO: -0.176029 at state 0 ( [ +0.000000 +0.000000 +0.000000 ] spin 0 )
mu  : -0.175438
LUMO: -0.174615 at state 9 ( [ +0.500000 +0.500000 +0.000000 ] spin 0 )
eMax: +0.364005 at state 9 ( [ +0.500000 +0.500000 +0.000000 ] spin 0 )
HOMO-LUMO gap: +0.001414
Optical gap  : +0.001553 at state 0 ( [ +0.000000 +0.000000 +0.000000 ] spin 0 )
