   Eewald =     1936.1261467361125597
       EH =     3637.0703255693961182
     Eloc =    -7715.5803324770804466
      Enl =      -15.5917180795464922
      Exc =     -576.3430747040445112
 Exc_core =      324.9917357703940866
       KE =      589.6187475285177015
-------------------------------------
     Etot =    -1819.7081696562504476
       TS =        0.2315946319512522
-------------------------------------
        F =    -1819.9397642882017863
