   A_diel =       -0.0065867646774511
   Eewald =     1894.7653308511883097
       EH =     3594.6867645703641756
     Eloc =    -7631.1640530852919255
      Enl =      -15.5827917382476713
      Exc =     -575.9185852874960574
 Exc_core =      324.9917331005909205
       KE =      589.1299526426405464
  MuShift =        0.0000000000187252
-------------------------------------
     Etot =    -1819.0982357109105578
       TS =        0.2405784090098424
-------------------------------------
        F =    -1819.3388141199204711
