eMin: -2.144876 at state 0 ( [ +0.000000 +0.000000 +0.000000 ] spin 0 )
HOMO: -0.191501 at state 2 ( [ +0.000000 +0.500000 +0.000000 ] spin 0 )
mu  : -0.191307
LUMO: -0.191264 at state 0 ( [ +0.000000 +0.000000 +0.000000 ] spin 0 )
eMax: +0.348357 at state 8 ( [ +0.500000 +0.500000 +0.000000 ] spin 0 )
HOMO-LUMO gap: +0.000237
Optical gap  : +0.000313 at state 0 ( [ +0.000000 +0.000000 +0.000000 ] spin 0 )
