eMin: -2.129059 at state 0 ( [ +0.000000 +0.000000 +0.000000 ] spin 0 )
HOMO: -0.173593 at state 5 ( [ +0.250000 +0.500000 +0.000000 ] spin 0 )
mu  : -0.173600
LUMO: -0.173327 at state 0 ( [ +0.000000 +0.000000 +0.000000 ] spin 0 )
eMax: +0.353134 at state 8 ( [ +0.500000 +0.500000 +0.000000 ] spin 0 )
HOMO-LUMO gap: +0.000266
Optical gap  : +0.000319 at state 4 ( [ +0.250000 +0.250000 +0.000000 ] spin 0 )
