   Eewald =   -11434.3703015647279244
       EH =    -9911.9858482500094397
     Eloc =    19227.6013142554511433
      Enl =      -17.8177071546252002
      Exc =     -571.8915163345499195
 Exc_core =      324.9288437037855033
       KE =      581.0787655260475049
-------------------------------------
     Etot =    -1802.4564498186305173
       TS =        0.2372729428946502
-------------------------------------
        F =    -1802.6937227615251231
