eMin: -2.127935 at state 0 ( [ +0.000000 +0.000000 +0.000000 ] spin 0 )
HOMO: -0.174568 at state 4 ( [ +0.250000 +0.250000 +0.000000 ] spin 0 )
mu  : -0.173600
LUMO: -0.173366 at state 6 ( [ +0.250000 -0.250000 +0.000000 ] spin 0 )
eMax: +0.351783 at state 9 ( [ +0.500000 +0.500000 +0.000000 ] spin 0 )
HOMO-LUMO gap: +0.001202
Optical gap  : +0.001273 at state 4 ( [ +0.250000 +0.250000 +0.000000 ] spin 0 )
